Timestamp: 2024-04-30 13:07:21
 90.770885
 140.036727
 64.848856
 112.241766
 77.163276
 78.988033
 84.107928
 88.468454
 413.541133
Timestamp: 2024-04-30 13:08:11
 90.770885
 140.036727
 64.848856
 112.241766
 77.163276
 78.988033
 84.107928
 88.468454
 413.541133
Timestamp: 2024-04-30 13:19:55
 90.770885
 140.036727
 64.848856
 148.394945
 103.793175
 63.710717
 238.789173
 110.445008
 86.930 371
Timestamp: 2024-04-30 13:30:31
 90.770885
 140.036727
 64.848856
 148.394945
 103.793175
 63.710717
 238.789173
 110.445008
 86.930371
 463.353578
